%YAML:1.0
Intrinsics_left: !!opencv-matrix
   rows: 3
   cols: 3
   dt: f
   data: [ 4.34744995e+02, 0., 2.79116150e+02, 0., 4.34044525e+02,
       2.34102798e+02, 0., 0., 1. ]
Intrinsics_right: !!opencv-matrix
   rows: 3
   cols: 3
   dt: f
   data: [ 4.31093628e+02, 0., 3.62635925e+02, 0., 4.30133942e+02,
       2.72816376e+02, 0., 0., 1. ]
Distorsion_left: !!opencv-matrix
   rows: 1
   cols: 5
   dt: f
   data: [ -4.05750394e-01, 1.43774658e-01, -2.41940096e-03,
       2.64479103e-03, 0. ]
Distorsion_right: !!opencv-matrix
   rows: 1
   cols: 5
   dt: f
   data: [ -4.04773891e-01, 1.47423193e-01, -8.54427170e-04,
       1.21765968e-03, 0. ]
R: !!opencv-matrix
   rows: 3
   cols: 3
   dt: f
   data: [ 9.88509119e-01, -7.50372838e-03, 1.50974989e-01,
       6.87633827e-03, 9.99965429e-01, 4.67723701e-03, -1.51004866e-01,
       -3.58533626e-03, 9.88526523e-01 ]
T: !!opencv-matrix
   rows: 3
   cols: 1
   dt: f
   data: [ -7.02620468e+01, -3.81049657e+00, -6.47973824e+00 ]
F: !!opencv-matrix
   rows: 3
   cols: 3
   dt: f
   data: [ 3.30794069e-06, 3.47017412e-05, -1.77144948e-02,
       -9.09910159e-05, -1.08887969e-06, 1.84852660e-01, 3.11771110e-02,
       -1.74224824e-01, -7.95829105e+00 ]
