%YAML:1.0
Intrinsics_left: !!opencv-matrix
   rows: 3
   cols: 3
   dt: f
   data: [ 436.044762734883420, 0., 282.415678734724679, 0., 438.135046339963822,
       224.541136288714341, 0., 0., 1. ]
Intrinsics_right: !!opencv-matrix
   rows: 3
   cols: 3
   dt: f
   data: [ 436.638919224272684, 0., 366.990960237374679, 0., 438.405322524525559,
       266.624786297880291, 0., 0., 1. ]
Distorsion_left: !!opencv-matrix
   rows: 1
   cols: 5
   dt: f
   data: [ -0.425381813607895, 0.188349314226741, -0.002595716598347,
       -0.000305168932586, 0. ]
Distorsion_right: !!opencv-matrix
   rows: 1
   cols: 5
   dt: f
   data: [ -0.439845943735944, 0.208541322327863, -0.002362534531888,
       -0.001209379787846, 0. ]
R: !!opencv-matrix
   rows: 3
   cols: 3
   dt: f
   data: [ 9.91566479e-01, -4.85648820e-03, 1.29508138e-01,
       5.17732836e-03, 9.99984324e-01, -2.14081840e-03, -1.29495710e-01,
       2.79326993e-03, 9.91576076e-01 ]
T: !!opencv-matrix
   rows: 3
   cols: 1
   dt: f
   data: [ -6.73708344e+01, 5.84223866e-01, -5.50283432e+00 ]
F: !!opencv-matrix
   rows: 3
   cols: 3
   dt: f
   data: [ -2.51657070e-07, 2.94172805e-05, -5.49995620e-03,
       -7.58329843e-05, 1.15111141e-06, 1.74548060e-01, 1.86449271e-02,
       -1.66189238e-01, -8.62615871e+00 ]
