%YAML:1.0
Intrinsics_left: !!opencv-matrix
   rows: 3
   cols: 3
   dt: f
   data: [ 4.34744995e+02, 0., 2.79116150e+02, 0., 4.34044525e+02,
       2.34102798e+02, 0., 0., 1. ]
Intrinsics_right: !!opencv-matrix
   rows: 3
   cols: 3
   dt: f
   data: [ 4.31093628e+02, 0., 3.62635925e+02, 0., 4.30133942e+02,
       2.72816376e+02, 0., 0., 1. ]
Distorsion_left: !!opencv-matrix
   rows: 1
   cols: 5
   dt: f
   data: [ -4.05750394e-01, 1.43774658e-01, -2.41940096e-03,
       2.64479103e-03, 0. ]
Distorsion_right: !!opencv-matrix
   rows: 1
   cols: 5
   dt: f
   data: [ -4.04773891e-01, 1.47423193e-01, -8.54427170e-04,
       1.21765968e-03, 0. ]
R: !!opencv-matrix
   rows: 3
   cols: 3
   dt: f
   data: [ 9.91566479e-01, -4.85648820e-03, 1.29508138e-01,
       5.17732836e-03, 9.99984324e-01, -2.14081840e-03, -1.29495710e-01,
       2.79326993e-03, 9.91576076e-01 ]
T: !!opencv-matrix
   rows: 3
   cols: 1
   dt: f
   data: [ -6.73708344e+01, 5.84223866e-01, -5.50283432e+00 ]
F: !!opencv-matrix
   rows: 3
   cols: 3
   dt: f
   data: [ -2.51657070e-07, 2.94172805e-05, -5.49995620e-03,
       -7.58329843e-05, 1.15111141e-06, 1.74548060e-01, 1.86449271e-02,
       -1.66189238e-01, -8.62615871e+00 ]
