%YAML:1.0
NumberOfColors: 3
meanMatrix0000: !!opencv-matrix
   rows: 3
   cols: 1
   dt: d
   data: [ 4.9941208079147827e+00, 1.7904263994689759e+02,
       2.2447807946391882e+02 ]
covMatrix0000: !!opencv-matrix
   rows: 3
   cols: 3
   dt: d
   data: [ 1.8028671941075698e+05, -6.6133420690959960e+05,
       -1.6026842316591099e+06, -6.6133420690959960e+05,
       5.5728244361341987e+06, 6.7923122124094861e+06,
       -1.6026842316591099e+06, 6.7923122124094861e+06,
       5.9779824144330241e+07 ]
meanMatrix0001: !!opencv-matrix
   rows: 3
   cols: 1
   dt: d
   data: [ 5.8113434215086059e+01, 1.2233810788956914e+02,
       1.4679115166916947e+02 ]
covMatrix0001: !!opencv-matrix
   rows: 3
   cols: 3
   dt: d
   data: [ 4.5296582280222379e+05, 4.1617193415734859e+05,
       3.5843726718265138e+05, 4.1617193415734859e+05,
       7.4323007462165656e+05, 7.1779289719299308e+05,
       3.5843726718265138e+05, 7.1779289719299308e+05,
       4.2446292066532783e+06 ]
meanMatrix0002: !!opencv-matrix
   rows: 3
   cols: 1
   dt: d
   data: [ 1.1236825443033369e+02, 8.8240202321604016e+01,
       7.6203486044903755e+01 ]
covMatrix0002: !!opencv-matrix
   rows: 3
   cols: 3
   dt: d
   data: [ 4.7703435909888614e+06, 5.3931609150319928e+06,
       1.4140327353432327e+04, 5.3931609150319928e+06,
       1.6518774854684427e+08, -5.6075680268295884e+07,
       1.4140327353432327e+04, -5.6075680268295884e+07,
       4.1580294636221126e+07 ]
