%YAML:1.0
Intrinsics_left: !!opencv-matrix
   rows: 3
   cols: 3
   dt: f
   data: [ 2.14148193e+02, 0., 1.41772568e+02, 0., 2.15853195e+02,
       1.16211563e+02, 0., 0., 1. ]
Intrinsics_right: !!opencv-matrix
   rows: 3
   cols: 3
   dt: f
   data: [ 2.14134506e+02, 0., 1.41661469e+02, 0., 2.15855148e+02,
       1.16517258e+02, 0., 0., 1. ]
Distorsion_left: !!opencv-matrix
   rows: 1
   cols: 5
   dt: f
   data: [ -4.05750394e-01, 1.43774658e-01, -2.41940096e-03,
       2.64479103e-03, 0. ]
Distorsion_right: !!opencv-matrix
   rows: 1
   cols: 5
   dt: f
   data: [ -4.04773891e-01, 1.47423193e-01, -8.54427170e-04,
       1.21765968e-03, 0. ]
R: !!opencv-matrix
   rows: 3
   cols: 3
   dt: f
   data: [ 9.09100592e-01, 7.81848934e-03, 4.16503310e-01,
       -3.80087234e-02, 9.97210264e-01, 6.42421693e-02, -4.14839089e-01,
       -7.42333531e-02, 9.06861603e-01 ]
T: !!opencv-matrix
   rows: 3
   cols: 1
   dt: f
   data: [ -1.04167122e+02, 8.63880157e+00, 1.59463034e+01 ]
F: !!opencv-matrix
   rows: 3
   cols: 3
   dt: d
   data: [ 2.1288753097542703e-06, 1.1734234756671821e-05,
       -2.7080965503707569e-03, 2.0366997970863748e-05,
       5.3534337198404272e-06, -1.8866424732921883e-02,
       -2.0784812807732138e-03, 1.3501834648312557e-02, 1. ]
