%YAML:1.0
Intrinsics_left: !!opencv-matrix
   rows: 3
   cols: 3
   dt: f
   data: [ 4.34744995e+02, 0., 2.79116150e+02, 0., 4.34044525e+02,
       2.34102798e+02, 0., 0., 1. ]
Intrinsics_right: !!opencv-matrix
   rows: 3
   cols: 3
   dt: f
   data: [ 4.31093628e+02, 0., 3.62635925e+02, 0., 4.30133942e+02,
       2.72816376e+02, 0., 0., 1. ]
Distorsion_left: !!opencv-matrix
   rows: 1
   cols: 5
   dt: f
   data: [ -4.05750394e-01, 1.43774658e-01, -2.41940096e-03,
       2.64479103e-03, 0. ]
Distorsion_right: !!opencv-matrix
   rows: 1
   cols: 5
   dt: f
   data: [ -4.04773891e-01, 1.47423193e-01, -8.54427170e-04,
       1.21765968e-03, 0. ]
R: !!opencv-matrix
   rows: 3
   cols: 3
   dt: f
   data: [ 9.90726769e-01, -5.98792220e-03, 1.35737374e-01,
       5.97984483e-03, 9.99981999e-01, 4.67242498e-04, -1.35737732e-01,
       3.48778762e-04, 9.90744770e-01 ]
T: !!opencv-matrix
   rows: 3
   cols: 1
   dt: f
   data: [ -6.13992882e+01, -4.05307055e+00, -3.27908707e+00 ]
F: !!opencv-matrix
   rows: 3
   cols: 3
   dt: f
   data: [ -4.65981771e-07, -2.68492931e-06, 2.18582759e-03,
       9.49421519e-06, -3.37017703e-08, -2.41606440e-02, -3.70748923e-03,
       2.26735547e-02, 1. ]
