%YAML:1.0
NumberOfColors: 3
meanMatrix0000: !!opencv-matrix
   rows: 3
   cols: 1
   dt: d
   data: [ 4.9697012883365641e+00, 1.7910942309884848e+02,
       2.2845935469159730e+02 ]
covMatrix0000: !!opencv-matrix
   rows: 3
   cols: 3
   dt: d
   data: [ 6.4652792469504595e+04, -2.3352868324591947e+05,
       -5.6553370596281660e+05, -2.3352868324591947e+05,
       1.9410629247231709e+06, 2.3497195373389535e+06,
       -5.6553370596281660e+05, 2.3497195373389535e+06,
       2.4513521039792042e+07 ]
meanMatrix0001: !!opencv-matrix
   rows: 3
   cols: 1
   dt: d
   data: [ 4.9697012883365641e+00, 1.7910942309884848e+02,
       2.2845935469159730e+02 ]
covMatrix0001: !!opencv-matrix
   rows: 3
   cols: 3
   dt: d
   data: [ 6.4652792469504595e+04, -2.3352868324591947e+05,
       -5.6553370596281660e+05, -2.3352868324591947e+05,
       1.9410629247231709e+06, 2.3497195373389535e+06,
       -5.6553370596281660e+05, 2.3497195373389535e+06,
       2.4513521039792042e+07 ]
meanMatrix0002: !!opencv-matrix
   rows: 3
   cols: 1
   dt: d
   data: [ 4.9697012883365641e+00, 1.7910942309884848e+02,
       2.2845935469159730e+02 ]
covMatrix0002: !!opencv-matrix
   rows: 3
   cols: 3
   dt: d
   data: [ 6.4652792469504595e+04, -2.3352868324591947e+05,
       -5.6553370596281660e+05, -2.3352868324591947e+05,
       1.9410629247231709e+06, 2.3497195373389535e+06,
       -5.6553370596281660e+05, 2.3497195373389535e+06,
       2.4513521039792042e+07 ]
