%YAML:1.0
NumberOfColors: 3
meanMatrix0000: !!opencv-matrix
   rows: 3
   cols: 1
   dt: d
   data: [ 6.7398119122257061e-01, 2.5443103448275863e+02,
       6.8699059561128536e+01 ]
covMatrix0000: !!opencv-matrix
   rows: 3
   cols: 3
   dt: d
   data: [ 2.4078564263323293e+04, 3.4096551724137163e+02,
       -2.7467868338558092e+03, 3.4096551724137163e+02,
       4.6939655172415138e+02, -3.3724137931034356e+01,
       -2.7467868338558092e+03, -3.3724137931034356e+01,
       2.0404086583072559e+06 ]
meanMatrix0001: !!opencv-matrix
   rows: 3
   cols: 1
   dt: d
   data: [ 5.8113434215086059e+01, 1.2233810788956914e+02,
       1.4679115166916947e+02 ]
covMatrix0001: !!opencv-matrix
   rows: 3
   cols: 3
   dt: d
   data: [ 4.5296582280222379e+05, 4.1617193415734859e+05,
       3.5843726718265138e+05, 4.1617193415734859e+05,
       7.4323007462165656e+05, 7.1779289719299308e+05,
       3.5843726718265138e+05, 7.1779289719299308e+05,
       4.2446292066532783e+06 ]
meanMatrix0002: !!opencv-matrix
   rows: 3
   cols: 1
   dt: d
   data: [ 1.2595176470588237e+02, 2.5447372549019610e+02,
       1.1616941176470590e+02 ]
covMatrix0002: !!opencv-matrix
   rows: 3
   cols: 3
   dt: d
   data: [ 3.5120117647061141e+02, 1.7480470588235167e+02,
       -1.5537487058823395e+04, 1.7480470588235167e+02,
       1.9072188235292358e+03, -1.3954948235293628e+04,
       -1.5537487058823395e+04, -1.3954948235293628e+04,
       1.6577858442353079e+07 ]
