%YAML:1.0
Intrinsics_left: !!opencv-matrix
   rows: 3
   cols: 3
   dt: f
   data: [ 819.634, 0., 350.967, 0., 820.241,
       269.419, 0., 0., 1. ]
Intrinsics_right: !!opencv-matrix
   rows: 3
   cols: 3
   dt: f
    data: [ 819.634, 0., 350.967, 0., 820.241,
       269.419, 0., 0., 1. ]
Distorsion_left: !!opencv-matrix
   rows: 1
   cols: 5
   dt: f
   data: [ -4.05750394e-01, 1.43774658e-01, -2.41940096e-03,
       2.64479103e-03, 0. ]
Distorsion_right: !!opencv-matrix
   rows: 1
   cols: 5
   dt: f
   data: [ -4.04773891e-01, 1.47423193e-01, -8.54427170e-04,
       1.21765968e-03, 0. ]
R: !!opencv-matrix
   rows: 3
   cols: 3
   dt: f
   data: [ 9.90249097e-01, -7.66161270e-03, 1.39097318e-01,
       8.55316315e-03, 9.99946535e-01, -5.81290061e-03, -1.39045343e-01,
       6.94594160e-03, 9.90261674e-01 ]
T: !!opencv-matrix
   rows: 3
   cols: 1
   dt: f
   data: [ -6.71839066e+01, 2.08875060e+00, -3.96837258e+00 ]
F: !!opencv-matrix
   rows: 3
   cols: 3
   dt: f
   data: [ -1.36855544e-06, 2.12847372e-05, 1.43711222e-04,
       -7.09699816e-05, 2.66238271e-06, 1.72574237e-01, 1.37785925e-02,
       -1.63185552e-01, -9.11110497e+00 ]
