%YAML:1.0
NumberOfColors: 3
meanMatrix0000: !!opencv-matrix
   rows: 3
   cols: 1
   dt: d
   data: [ 4.9941208079147827e+00, 1.7904263994689759e+02,
       2.2447807946391882e+02 ]
covMatrix0000: !!opencv-matrix
   rows: 3
   cols: 3
   dt: d
   data: [ 1.8028671941075698e+05, -6.6133420690959960e+05,
       -1.6026842316591099e+06, -6.6133420690959960e+05,
       5.5728244361341987e+06, 6.7923122124094861e+06,
       -1.6026842316591099e+06, 6.7923122124094861e+06,
       5.9779824144330241e+07 ]
meanMatrix0001: !!opencv-matrix
   rows: 3
   cols: 1
   dt: d
   data: [ 5.8113434215086059e+01, 1.2233810788956914e+02,
       1.4679115166916947e+02 ]
covMatrix0001: !!opencv-matrix
   rows: 3
   cols: 3
   dt: d
   data: [ 4.5296582280222379e+05, 4.1617193415734859e+05,
       3.5843726718265138e+05, 4.1617193415734859e+05,
       7.4323007462165656e+05, 7.1779289719299308e+05,
       3.5843726718265138e+05, 7.1779289719299308e+05,
       4.2446292066532783e+06 ]
meanMatrix0002: !!opencv-matrix
   rows: 3
   cols: 1
   dt: d
   data: [ 1.1400820564347318e+02, 4.9707694884032492e+01,
       1.3865486058779203e+02 ]
covMatrix0002: !!opencv-matrix
   rows: 3
   cols: 3
   dt: d
   data: [ 1.0024899587540859e+07, 4.7997859377041599e+06,
       -1.6990145290127862e+06, 4.7997859377041599e+06,
       6.3517516885203552e+06, -3.3763616450640857e+06,
       -1.6990145290127862e+06, -3.3763616450640857e+06,
       5.0433640060264384e+06 ]
