%YAML:1.0
Intrinsics_left: !!opencv-matrix
   rows: 3
   cols: 3
   dt: f
   data: [ 4.34744995e+02, 0., 2.79116150e+02, 0., 4.34044525e+02,
       2.34102798e+02, 0., 0., 1. ]
Intrinsics_right: !!opencv-matrix
   rows: 3
   cols: 3
   dt: f
   data: [ 4.31093628e+02, 0., 3.62635925e+02, 0., 4.30133942e+02,
       2.72816376e+02, 0., 0., 1. ]
Distorsion_left: !!opencv-matrix
   rows: 1
   cols: 5
   dt: f
   data: [ -4.05750394e-01, 1.43774658e-01, -2.41940096e-03,
       2.64479103e-03, 0. ]
Distorsion_right: !!opencv-matrix
   rows: 1
   cols: 5
   dt: f
   data: [ -4.04773891e-01, 1.47423193e-01, -8.54427170e-04,
       1.21765968e-03, 0. ]
R: !!opencv-matrix
   rows: 3
   cols: 3
   dt: f
   data: [ 9.90332365e-01, -6.01711962e-03, 1.38584465e-01,
       5.83884912e-03, 9.99981523e-01, 1.69288355e-03, -1.38592094e-01,
       -8.67343566e-04, 9.90349174e-01 ]
T: !!opencv-matrix
   rows: 3
   cols: 1
   dt: f
   data: [ -6.81160736e+01, -2.08756185e+00, -9.38834667e+00 ]
F: !!opencv-matrix
   rows: 3
   cols: 3
   dt: f
   data: [ 1.83622012e-06, 5.01832728e-05, -1.70194395e-02,
       -1.00203608e-04, -1.38686316e-08, 1.81778729e-01, 3.05118561e-02,
       -1.75153896e-01, -7.57367134e+00 ]
